FE-I4:
  material_budget: 0.001067236
  n_cols: 80
  n_rows: 336
  pitch_col: 250.0
  pitch_row: 50.0

Mimosa26:
  material_budget: 0.000797512
  n_cols: 1152
  n_rows: 576
  pitch_col: 18.4
  pitch_row: 18.4
